0.00041913256324710375	0.42572536439724923
0.0025147953794826226	2.6167684753900433
0.004610458195718141	3.1530834752855488
0.00670612101195366	3.390733383544758
0.00880178382818918	3.5244554598719997
0.010897446644424698	3.61011206170592
0.012993109460660216	3.6696479176973047
0.015088772276895736	3.7134224257680897
0.017184435093131254	3.74695952461161
0.019280097909366772	3.7734729621733485
0.02137576072560229	3.794959239552226
0.02347142354183781	3.8127238951125237
0.02556708635807333	3.8276565403214016
0.02766274917430885	3.8403842394777614
0.029758411990544367	3.851361691214365
0.03185407480677988	3.8609266344084463
0.033949737623015404	3.8693351764421267
0.036045400439250926	3.8767850474252095
0.03814106325548644	3.8834313346064793
0.04023672607172196	3.889397388575493
0.04233238888795748	3.8947825454794605
0.044428051704193	3.899667699302105
0.046523714520428514	3.904119391503288
0.048619377336664035	3.9081928586816543
0.05071504015289956	3.9119343353481053
0.05281070296913507	3.9153828158867094
0.054906365785370594	3.918571418292314
0.05700202860160611	3.9215284508706523
0.05909769141784163	3.924278254734037
0.061193354234077145	3.9268418752076375
0.06328901705031267	3.9292376013520185
0.06538467986654818	3.9314814028659724
0.0674803426827837	3.9335872864408947
0.06957600549901923	3.935567588374659
0.07167166831525475	3.937433216360833
0.07376733113149025	3.9391938504622313
0.07586299394772578	3.9408581110868957
0.0779586567639613	3.9424337001187193
0.08005431958019682	3.943927520078116
0.08214998239643234	3.9453457752018015
0.08424564521266785	3.9466940575634264
0.08634130802890337	3.947977420755653
0.08843697084513889	3.9492004431802896
0.09053263366137441	3.950367282617126
0.09262829647760994	3.9514817234420154
0.09472395929384544	3.952547217624055
0.09681962211008097	3.9535669204374835
0.09891528492631649	3.9545437216664916
0.10101094774255201	3.955480272952894
0.10310661055878752	3.9563790118316535
0.10520227337502304	3.9572421829129882
0.10729793619125856	3.9580718565986035
0.10939359900749408	3.9588699456605534
0.1114892618237296	3.9596382199622004
0.11358492463996511	3.960378319559693
0.11568058745620063	3.9610917663881
0.11777625027243616	3.961779974707401
0.11987191308867168	3.9624442604592227
0.12196757590490719	3.963085849664551
0.12406323872114271	3.9637058859751844
0.12615890153737824	3.9643054374767583
0.12825456435361374	3.9648855028285044
0.13035022716984926	3.965447016813936
0.13244588998608478	3.965990855367406
0.1345415528023203	3.9665178401333465
0.13663721561855582	3.9670287426081243
0.13873287843479135	3.9675242879084074
0.14082854125102687	3.968005158204759
0.1429242040672624	3.9684719958546597
0.1450198668834979	3.9689254062651838
0.1471155296997334	3.9693659605121936
0.14921119251596893	3.9697941977398528
0.15130685533220445	3.970210627361662
0.15340251814843997	3.9706157310819212
0.1554981809646755	3.9710099647544603
0.157593843780911	3.9713937600937435
0.15968950659714654	3.9717675262518273
0.16178516941338206	3.9721316512732976
0.16388083222961758	3.972486503439053
0.16597649504585307	3.9728324325087163
0.1680721578620886	3.9731697708704927
0.17016782067832412	3.973498834606411
0.17226348349455964	3.9738199244801304
0.17435914631079516	3.9741333268538006
0.17645480912703068	3.9744393145398464
0.1785504719432662	3.974738147593
0.18064613475950173	3.975030074047432
0.18274179757573725	3.9753153306033413
0.18483746039197277	3.9755941432670303
0.18693312320820826	3.975866727948078
0.18902878602444378	3.976133291016943
0.1911244488406793	3.976394029826019
0.19322011165691483	3.976649133196902
0.19531577447315035	3.9768987818763963
0.19741143728938587	3.9771431489635996
0.1995071001056214	3.977382400310137
0.20160276292185692	3.977616694895543
0.20369842573809244	3.977846185179544
0.20579408855432793	3.9780710174328844
0.20788975137056345	3.9782913320482205
0.20998541418679897	3.978507263832455
0.2120810770030345	3.978718942281795
0.21417673981927002	3.9789264918407214
0.21627240263550554	3.9791300321459464
0.21836806545174106	3.9793296782563687
0.22046372826797658	3.9795255408699592
0.2225593910842121	3.979717726528423
0.2246550539004476	3.9799063378104567
0.22675071671668312	3.9800914735143054
0.22884637953291864	3.9802732288303377
0.23094204234915416	3.9804516955042355
0.23303770516538969	3.9806269619914225
0.2351333679816252	3.9807991136032426
0.23722903079786073	3.9809682326454245
0.23932469361409625	3.981134398549292
0.24142035643033177	3.981297687996153
0.2435160192465673	3.9814581750352973
0.2456116820628028	3.9816159311959507
0.2477073448790383	3.9817710255935848
0.24980300769527383	3.981923525030878
0.2518986705115094	3.9820734940936475
0.25399433332774485	3.9822209952420584
0.25608999614398037	3.9823660888973538
0.2581856589602159	3.982508833524384
0.2602813217764514	3.982649285710146
0.26237698459268693	3.9827875002385844
0.26447264740892246	3.9829235301618326
0.266568310225158	3.983057426868109
0.2686639730413935	3.9831892401464453
0.270759635857629	3.983319018248411
0.27285529867386454	3.9834468079470042
0.27495096149010007	3.9835726545928583
0.2770466243063356	3.9836966021678957
0.2791422871225711	3.983818693336583
0.28123794993880663	3.983938969494889
0.28333361275504215	3.984057470817087
0.2854292755712777	3.9841742363004835
0.2875249383875132	3.984289303808216
0.2896206012037487	3.9844027101101784
0.29171626401998424	3.984514490922205
0.2938119268362197	3.984624680943562
0.2959075896524552	3.984733313892865
0.29800325246869075	3.9848404225424807
0.30009891528492627	3.9849460387514832
0.3021945781011618	3.985050193497253
0.3042902409173973	3.9851529169057662
0.30638590373363284	3.9852542382806453
0.30848156654986836	3.9853541861310298
0.3105772293661039	3.9854527881983204
0.3126728921823394	3.98555007148185
0.3147685549985749	3.985646062263526
0.31686421781481044	3.985740786131511
0.31895988063104597	3.9858342680029555
0.3210555434472815	3.9859265321458546
0.323151206263517	3.986017602200049
0.32524686907975253	3.986107501197421
0.32734253189598805	3.9861962515813083
0.3294381947122236	3.986283875225189
0.3315338575284591	3.9863703934506525
0.33362952034469456	3.9864558270446975
0.3357251831609301	3.9865401962763767
0.3378208459771656	3.986623520912835
0.33991650879340113	3.9867058202347496
0.34201217160963665	3.986787113051196
0.34410783442587217	3.986867417713991
0.3462034972421077	3.98694675213149
0.3482991600583432	3.9870251337819136
0.35039482287457874	3.987102579726182
0.35249048569081426	3.9871791066202857
0.3545861485070498	3.9872547307272423
0.3566818113232853	3.9873294679286095
0.3587774741395208	3.9874033337356036
0.36087313695575635	3.9874763432998352
0.36296879977199187	3.987548511423672
0.3650644625882274	3.9876198525702358
0.3671601254044629	3.9876903808730764
0.36925578822069843	3.987760110145494
0.3713514510369339	3.9878290538895698
0.3734471138531694	3.987897225304877
0.37554277666940494	3.987964637296902
0.37763843948564046	3.988031302485197
0.379734102301876	3.9880972332112488
0.3818297651181115	3.9881624415460983
0.38392542793434703	3.9882269392977077
0.38602109075058255	3.9882907380180894
0.3881167535668181	3.9883538490102017
0.3902124163830536	3.988416283334631
0.3923080791992891	3.9884780518160396
0.39440374201552464	3.98853916504944
0.39649940483176016	3.988599633406243
0.3985950676479957	3.988659467040119
0.4006907304642312	3.988718675892704
0.4027863932804667	3.9887772696990815
0.40488205609670225	3.9888352579931348
0.40697771891293777	3.9888926501127098
0.4090733817291733	3.988949455204632
0.41116904454540876	3.9890056822295676
0.4132647073616443	3.989061339966728
0.4153603701778798	3.9891164370184526
0.4174560329941153	3.9891709818146266
0.41955169581035084	3.9892249826169888
0.42164735862658637	3.9892784475233034
0.4237430214428219	3.989331384471405
0.4258386842590574	3.9893838012431284
0.42793434707529293	3.989435705468125
0.43003000989152845	3.9894871046275595
0.432125672707764	3.9895380060577113
0.4342213355239995	3.989588416953457
0.436316998340235	3.989638344371668
0.43841266115647054	3.989687795234499
0.44050832397270606	3.989736776332594
0.4426039867889416	3.9897852943281826
0.4446996496051771	3.989833355758114
0.4467953124214126	3.9898809670367847
0.4488909752376481	3.9899281344589967
0.4509866380538836	3.9899748642027264
0.45308230087011914	3.9900211623318325
0.45517796368635466	3.9900670347986646
0.4572736265025902	3.9901124874466287
0.4593692893188257	3.9901575260126574
0.4614649521350612	3.990202156129632
0.46356061495129675	3.9902463833287247
0.46565627776753227	3.9902902130416886
0.4677519405837678	3.9903336506030778
0.4698476034000033	3.990376701252414
0.47194326621623883	3.9904193701362938
0.47403892903247435	3.990461662310437
0.4761345918487099	3.9905035827416873
0.4782302546649454	3.9905451363099513
0.4803259174811809	3.9905863278100986
0.48242158029741644	3.9906271619538036
0.48451724311365196	3.9906676433713413
0.4866129059298875	3.9907077766133354
0.48870856874612295	3.9907475661524696
0.4908042315623585	3.9907870163851453
0.492899894378594	3.990826131633099
0.4949955571948295	3.9908649161449863
0.49709122001106504	3.990903374097914
0.49918688282730056	3.990941509598946
0.5012825456435361	3.9909793266865585
0.5033782084597717	3.991016829332075
0.5054738712760072	3.9910540214410433
0.5075695340922426	3.991090906854606
0.5096651969084781	3.9911274893508133
0.5117608597247136	3.9911637726459124
0.5138565225409492	3.9911997603956144
0.5159521853571847	3.991235456196316
0.5180478481734202	3.9912708635862946
0.5201435109896557	3.991305986046885
0.5222391738058912	3.991340827003616
0.5243348366221268	3.9913753898273256
0.5264304994383623	3.991409677835246
0.5285261622545978	3.9914436942920672
0.5306218250708333	3.991477442410972
0.5327174878870689	3.9915109253546484
0.5348131507033044	3.991544146236279
0.5369088135195399	3.9915771081205023
0.5390044763357754	3.9916098140243568
0.5411001391520109	3.9916422669182046
0.5431958019682465	3.9916744697266258
0.545291464784482	3.9917064253293
0.5473871276007175	3.9917381365618643
0.549482790416953	3.9917696062167507
0.5515784532331885	3.991800837044009
0.5536741160494241	3.9918318317521027
0.5557697788656596	3.9918625930086984
0.5578654416818951	3.991893123441428
0.5599611044981306	3.9919234256386327
0.5620567673143662	3.9919535021501025
0.5641524301306017	3.9919833554877857
0.5662480929468372	3.9920129881264925
0.5683437557630727	3.9920424025045733
0.5704394185793082	3.9920716010245934
0.5725350813955438	3.992100586053982
0.5746307442117793	3.992129359925677
0.5767264070280148	3.992157924938746
0.5788220698442503	3.992186283359005
0.5809177326604859	3.9922144374196105
0.5830133954767214	3.9922423893216488
0.5851090582929569	3.9922701412347115
0.5872047211091923	3.9922976952974545
0.5893003839254278	3.992325053618148
0.5913960467416634	3.992352218275213
0.5934917095578989	3.9923791913177515
0.5955873723741344	3.9924059747660587
0.5976830351903699	3.9924325706121233
0.5997786980066054	3.9924589808201336
0.601874360822841	3.992485207326947
0.6039700236390765	3.9925112520425743
0.606065686455312	3.992537116850635
0.6081613492715475	3.9925628036088185
0.610257012087783	3.9925883141493244
0.6123526749040186	3.9926136502793006
0.6144483377202541	3.9926388137812685
0.6165440005364896	3.9926638064135407
0.6186396633527251	3.9926886299106323
0.6207353261689607	3.992713285983662
0.6228309889851962	3.9927377763207406
0.6249266518014317	3.9927621025873674
0.6270223146176672	3.9927862664267932
0.6291179774339027	3.992810269460402
0.6312136402501383	3.99283411328807
0.6333093030663738	3.9928577994885166
0.6354049658826093	3.9928813296196597
0.6375006286988448	3.9929047052189532
0.6395962915150804	3.992927927803724
0.6416919543313159	3.9929509988714993
0.6437876171475514	3.9929739199003254
0.6458832799637869	3.99299669234909
0.6479789427800224	3.993019317657826
0.650074605596258	3.9930417972480203
0.6521702684124935	3.9930641325229046
0.654265931228729	3.9930863248677526
0.6563615940449645	3.9931083756501677
0.6584572568612	3.9931302862203553
0.6605529196774356	3.9931520579114084
0.6626485824936711	3.9931736920395764
0.6647442453099065	3.993195189904522
0.666839908126142	3.9932165527895913
0.6689355709423775	3.9932377819620624
0.6710312337586131	3.993258878673403
0.6731268965748486	3.9932798441595083
0.6752225593910841	3.993300679640948
0.6773182222073196	3.9933213863232013
0.6794138850235552	3.9933419653968873
0.6815095478397907	3.9933624180379996
0.6836052106560262	3.9933827454081223
0.6857008734722617	3.993402948654655
0.6877965362884972	3.993423028911028
0.6898921991047328	3.993442987296912
0.6919878619209683	3.993462824918431
0.6940835247372038	3.9934825428683602
0.6961791875534393	3.9935021422263306
0.6982748503696748	3.9935216240590266
0.7003705131859104	3.993540989420379
0.7024661760021459	3.9935602393517535
0.7045618388183814	3.9935793748821355
0.7066575016346169	3.9935983970283204
0.7087531644508525	3.993617306795088
0.710848827267088	3.993636105175382
0.7129444900833235	3.993654793150479
0.715040152899559	3.993673371690168
0.7171358157157945	3.99369184175291
0.7192314785320301	3.9937102042860073
0.7213271413482656	3.9937284602257628
0.7234228041645011	3.9937466104976416
0.7255184669807366	3.9937646560164284
0.7276141297969722	3.993782597686373
0.7297097926132077	3.9938004364013526
0.7318054554294432	3.9938181730450157
0.7339011182456787	3.993835808490923
0.7359967810619142	3.9938533436026975
0.7380924438781498	3.993870779234166
0.7401881066943853	3.9938881162294884
0.7422837695106207	3.993905355423307
0.7443794323268562	3.9939224976408694
0.7464750951430917	3.993939543698166
0.7485707579593273	3.9939564944020596
0.7506664207755628	3.993973350550411
0.7527620835917983	3.9939901129321993
0.7548577464080338	3.9940067823276584
0.7569534092242693	3.9940233595083834
0.7590490720405049	3.994039845237458
0.7611447348567404	3.994056240269572
0.7632403976729759	3.9940725453511283
0.7653360604892114	3.9940887612203695
0.767431723305447	3.9941048886074757
0.7695273861216825	3.9941209282346826
0.771623048937918	3.9941368808163866
0.7737187117541535	3.9941527470592515
0.775814374570389	3.9941685276623127
0.7779100373866246	3.9941842233170783
0.7800057002028601	3.994199834707633
0.7821013630190956	3.9942153625107357
0.7841970258353311	3.9942308073959167
0.7862926886515667	3.994246170025575
0.7883883514678022	3.994261451055074
0.7904840142840377	3.9942766511328323
0.7925796771002732	3.9942917709004164
0.7946753399165087	3.9943068109926325
0.7967710027327443	3.9943217720376136
0.7988666655489798	3.994336654656907
0.8009623283652153	3.994351459465559
0.8030579911814508	3.994366187072206
0.8051536539976863	3.9943808380791483
0.8072493168139219	3.99439541308244
0.8093449796301574	3.994409912671966
0.8114406424463929	3.994424337431524
0.8135363052626284	3.9944386879389
0.815631968078864	3.994452964765946
0.8177276308950995	3.9944671684786597
0.8198232937113349	3.9944812996372554
0.8219189565275704	3.994495358796237
0.8240146193438059	3.9945093465044725
0.8261102821600415	3.994523263305269
0.828205944976277	3.994537109736435
0.8303016077925125	3.994550886330356
0.832397270608748	3.9945645936140575
0.8344929334249835	3.9945782321092804
0.8365885962412191	3.9945918023325393
0.8386842590574546	3.99460530479519
0.8407799218736901	3.9946187400034945
0.8428755846899256	3.994632108458685
0.8449712475061611	3.9946454106570273
0.8470669103223967	3.9946586470898726
0.8491625731386322	3.994671818243736
0.8512582359548677	3.9946849246003375
0.8533538987711032	3.9946979666366733
0.8554495615873388	3.994710944825067
0.8575452244035743	3.9947238596332304
0.8596408872198098	3.9947367115243164
0.8617365500360453	3.994749500956979
0.8638322128522808	3.994762228385422
0.8659278756685164	3.9947748942594594
0.8680235384847519	3.99478749902456
0.8701192013009874	3.994800043121908
0.8722148641172229	3.994812526988451
0.8743105269334585	3.9948249510569487
0.876406189749694	3.9948373157560257
0.8785018525659295	3.9948496215102196
0.880597515382165	3.9948618687400317
0.8826931781984005	3.994874057861969
0.8847888410146361	3.994886189288601
0.8868845038308716	3.9948982634285968
0.8889801666471071	3.994910280686776
0.8910758294633426	3.9949222414641534
0.8931714922795781	3.9949341461579837
0.8952671550958137	3.9949459951618023
0.8973628179120492	3.9949577888654737
0.8994584807282846	3.9949695276552317
0.9015541435445201	3.99498121191372
0.9036498063607556	3.9949928420200376
0.9057454691769912	3.9950044183497764
0.9078411319932267	3.9950159412750628
0.9099367948094622	3.995027411164598
0.9120324576256977	3.9950388283836986
0.9141281204419333	3.995050193294329
0.9162237832581688	3.99506150625515
0.9183194460744043	3.9950727676215494
0.9204151088906398	3.995083977745679
0.9225107717068753	3.9950951369764924
0.9246064345231109	3.9951062456597866
0.9267020973393464	3.9951173041382275
0.9287977601555819	3.995128312751396
0.9308934229718174	3.9951392718358125
0.932989085788053	3.995150181724978
0.9350847486042885	3.9951610427494075
0.937180411420524	3.9951718552366597
0.9392760742367595	3.9951826195113744
0.941371737052995	3.995193335895301
0.9434673998692306	3.9952040047073316
0.9455630626854661	3.9952146262635355
0.9476587255017016	3.995225200877187
0.9497543883179371	3.995235728858799
0.9518500511341726	3.995246210516147
0.9539457139504082	3.9952566461543113
0.9560413767666437	3.995267036075693
0.9581370395828792	3.9952773805800534
0.9602327023991147	3.995287679964535
0.9623283652153503	3.9952979345236987
0.9644240280315858	3.9953081445495418
0.9665196908478213	3.9953183103315353
0.9686153536640568	3.9953284321566445
0.9707110164802923	3.995338510309358
0.9728066792965279	3.995348545071717
0.9749023421127634	3.9953585367233386
0.9769980049289988	3.9953684855414395
0.9790936677452343	3.9953783918008683
0.9811893305614698	3.995388255774126
0.9832849933777054	3.9953980777313918
0.9853806561939409	3.995407857940547
0.9874763190101764	3.995417596667206
0.9895719818264119	3.995427294174725
0.9916676446426475	3.9954369507242444
0.993763307458883	3.9954465665747008
0.9958589702751185	3.995456141982851
0.997954633091354	3.9954656772032977
1.0000502959075896	3.9954751724885096
1.002145958723825	3.9954846280888483
1.0042416215400607	3.995494044252585
1.006337284356296	3.9955034212259233
1.0084329471725317	3.995512759253024
1.0105286099887671	3.995522058576022
1.0126242728050028	3.9955313194350492
1.0147199356212382	3.9955405420682557
1.0168155984374736	3.9955497267118307
1.0189112612537092	3.995558873600022
1.0210069240699446	3.99556798296515
1.0231025868861803	3.99557705503764
1.0251982497024157	3.995586090046032
1.0272939125186513	3.995595088216999
1.0293895753348867	3.995604049775374
1.0314852381511224	3.995612974944163
1.0335809009673578	3.9956218639445624
1.0356765637835934	3.995630716995981
1.0377722265998288	3.995639534316057
1.0398678894160645	3.995648316120677
1.0419635522322999	3.9956570626239865
1.0440592150485355	3.9956657740384167
1.046154877864771	3.995674450574698
1.0482505406810065	3.9956830924418774
1.050346203497242	3.99569169984733
1.0524418663134776	3.9957002729967854
1.054537529129713	3.9957088120943354
1.0566331919459486	3.995717317342457
1.058728854762184	3.995725788942021
1.0608245175784197	3.9957342270923175
1.062920180394655	3.9957426319910616
1.0650158432108907	3.995751003834414
1.0671115060271261	3.995759342816996
1.0692071688433618	3.9957676491319023
1.0713028316595972	3.995775922970723
1.0733984944758328	3.995784164523546
1.0754941572920682	3.9957923739789836
1.0775898201083038	3.9958005515241792
1.0796854829245393	3.9958086973448257
1.0817811457407749	3.995816811625177
1.0838768085570103	3.995824894548063
1.085972471373246	3.995832946294905
1.0880681341894813	3.995840967045725
1.090163797005717	3.9958489569791613
1.0922594598219524	3.995856916272486
1.0943551226381878	3.9958648451016097
1.0964507854544234	3.9958727436411015
1.0985464482706588	3.9958806120641985
1.1006421110868945	3.995888450542821
1.1027377739031299	3.995896259247579
1.1048334367193655	3.9959040383477937
1.106929099535601	3.995911788011502
1.1090247623518366	3.9959195084054717
1.111120425168072	3.9959271996952146
1.1132160879843076	3.995934862044994
1.115311750800543	3.995942495617844
1.1174074136167786	3.9959501005755738
1.119503076433014	3.99595767707878
1.1215987392492497	3.995965225286862
1.123694402065485	3.9959727453580314
1.1257900648817207	3.9959802374493214
1.1278857276979561	3.9959877017165972
1.1299813905141918	3.9959951383145715
1.1320770533304272	3.99600254739681
1.1341727161466628	3.996009929115745
1.1362683789628982	3.9960172836226855
1.1383640417791339	3.996024611067825
1.1404597045953693	3.996031911600255
1.142555367411605	3.996039185367974
1.1446510302278403	3.996046432517899
1.146746693044076	3.99605365319587
1.1488423558603114	3.9960608475466644
1.150938018676547	3.996068015714008
1.1530336814927824	3.996075157840581
1.155129344309018	3.9960822740680286
1.1572250071252534	3.996089364536971
1.159320669941489	3.996096429387011
1.1614163327577245	3.996103468756747
1.1635119955739601	3.9961104827837772
1.1656076583901955	3.996117471604711
1.1677033212064312	3.996124435355179
1.1697989840226666	3.9961313741698405
1.171894646838902	3.9961382881823893
1.1739903096551376	3.9961451775255705
1.176085972471373	3.9961520423311754
1.1781816352876087	3.996158882730067
1.180277298103844	3.9961656988521743
1.1823729609200797	3.996172490826508
1.1844686237363151	3.996179258781164
1.1865642865525508	3.9961860028433334
1.1886599493687862	3.9961927231393157
1.1907556121850218	3.9961994197945176
1.1928512750012572	3.9962060929334657
1.1949469378174928	3.996212742679813
1.1970426006337282	3.99621936915635
1.1991382634499639	3.9962259724850044
1.2012339262661993	3.996232552786859
1.203329589082435	3.9962391101821497
1.2054252518986703	3.9962456447902786
1.207520914714906	3.996252156729819
1.2096165775311414	3.996258646118523
1.211712240347377	3.9962651130733264
1.2138079031636124	3.996271557710362
1.215903565979848	3.99627798014496
1.2179992287960835	3.9962843804916566
1.220094891612319	3.996290758864203
1.2221905544285545	3.996297115375571
1.2242862172447901	3.9963034501379573
1.2263818800610256	3.9963097632627953
1.2284775428772612	3.996316054860754
1.2305732056934966	3.9963223250417528
1.2326688685097322	3.9963285739149628
1.2347645313259676	3.9963348015888145
1.2368601941422033	3.996341008171004
1.2389558569584387	3.9963471937684973
1.2410515197746743	3.99635335848754
1.2431471825909097	3.9963595024336627
1.2452428454071454	3.9963656257116855
1.2473385082233808	3.996371728425722
1.2494341710396162	3.99637781067919
1.2515298338558518	3.9963838725748158
1.2536254966720872	3.996389914214636
1.2557211594883229	3.996395935700011
1.2578168223045583	3.9964019371316195
1.259912485120794	3.9964079186094783
1.2620081479370293	3.996413880232933
1.264103810753265	3.996419822100679
1.2661994735695004	3.9964257443107494
1.268295136385736	3.996431646960536
1.2703907992019714	3.9964375301467876
1.272486462018207	3.9964433939656128
1.2745821248344424	3.9964492385124926
1.276677787650678	3.996455063882279
1.2787734504669135	3.996460870169203
1.2808691132831491	3.996466657466879
1.2829647760993845	3.9964724258683093
1.2850604389156202	3.9964781754658936
1.2871561017318556	3.996483906351425
1.2892517645480912	3.9964896186161045
1.2913474273643266	3.996495312350538
1.2934430901805622	3.9965009876447475
1.2955387529967977	3.99650664458817
1.2976344158130333	3.996512283269666
1.2997300786292687	3.9965179037775256
1.3018257414455043	3.9965235061994666
1.3039214042617397	3.9965290906226465
1.3060170670779754	3.996534657133662
1.3081127298942108	3.9965402058185564
1.3102083927104464	3.9965457367628208
1.3123040555266818	3.9965512500514015
1.3143997183429175	3.9965567457687046
1.3164953811591529	3.996562223998598
1.3185910439753885	3.9965676848244156
1.320686706791624	3.9965731283289663
1.3227823696078596	3.9965785545945285
1.324878032424095	3.996583963702865
1.3269736952403304	3.996589355735222
1.329069358056566	3.9965947307723315
1.3311650208728014	3.9966000888944198
1.333260683689037	3.996605430181207
1.3353563465052725	3.996610754711914
1.337452009321508	3.9966160625652645
1.3395476721377435	3.996621353819491
1.3416433349539791	3.996626628552337
1.3437389977702145	3.9966318868410613
1.3458346605864502	3.9966371287624427
1.3479303234026856	3.9966423543927796
1.3500259862189212	3.9966475638079015
1.3521216490351566	3.9966527570831643
1.3542173118513923	3.996657934293459
1.3563129746676277	3.9966630955132136
1.3584086374838633	3.9966682408163976
1.3605043003000987	3.996673370276525
1.3625999631163344	3.9966784839666576
1.3646956259325698	3.9966835819594086
1.3667912887488054	3.9966886643269457
1.3688869515650408	3.996693731140996
1.3709826143812764	3.9966987824728473
1.3730782771975119	3.9967038183933528
1.3751739400137475	3.9967088389729324
1.377269602829983	3.9967138442815813
1.3793652656462185	3.9967188343888655
1.381460928462454	3.9967238093639312
1.3835565912786896	3.996728769275507
1.385652254094925	3.9967337141919033
1.3877479169111606	3.996738644181019
1.389843579727396	3.9967435593103455
1.3919392425436317	3.9967484596469647
1.394034905359867	3.9967533452575585
1.3961305681761027	3.996758216208405
1.3982262309923381	3.9967630725653907
1.4003218938085737	3.9967679143940016
1.4024175566248092	3.9967727417593366
1.4045132194410448	3.996777554726105
1.4066088822572802	3.99678235335863
1.4087045450735156	3.9967871377208533
1.4108002078897512	3.9967919078763368
1.4128958707059867	3.996796663888266
1.4149915335222223	3.9968014058194496
1.4170871963384577	3.9968061337323286
1.4191828591546933	3.99681084768897
1.4212785219709287	3.9968155477510843
1.4233741847871644	3.996820233980008
1.4254698476033998	3.996824906436723
1.4275655104196354	3.996829565181854
1.4296611732358708	3.9968342102756673
1.4317568360521065	3.9968388417780782
1.4338524988683419	3.996843459748651
1.4359481616845775	3.9968480642466035
1.438043824500813	3.9968526553308084
1.4401394873170485	3.996857233059796
1.442235150133284	3.996861797491755
1.4443308129495196	3.9968663486845375
1.446426475765755	3.9968708866956604
1.4485221385819906	3.9968754115823097
1.450617801398226	3.996879923401338
1.4527134642144617	3.996884422209272
1.454809127030697	3.996888908062313
1.4569047898469327	3.996893381016337
1.4590004526631681	3.996897841126901
1.4610961154794038	3.9969022884492453
1.4631917782956392	3.996906723038289
1.4652874411118748	3.9969111449486405
1.4673831039281102	3.9969155542345947
1.4694787667443459	3.9969199509501396
1.4715744295605813	3.9969243351489516
1.473670092376817	3.9969287068844075
1.4757657551930523	3.9969330662095754
1.477861418009288	3.996937413177226
1.4799570808255234	3.99694174783983
1.482052743641759	3.996946070249563
1.4841484064579944	3.9969503804583044
1.4862440692742298	3.9969546785176395
1.4883397320904654	3.996958964478867
1.4904353949067009	3.9969632383929943
1.4925310577229365	3.9969675003107445
1.494626720539172	3.9969717502825564
1.4967223833554075	3.9969759883585847
1.498818046171643	3.996980214588702
1.5009137089878786	3.99698442902251
1.503009371804114	3.996988631709324
1.5051050346203496	3.9969928226981932
1.507200697436585	3.9969970020378884
1.5092963602528207	3.9970011697769143
1.511392023069056	3.997005325963501
1.5134876858852917	3.9970094706456165
1.5155833487015271	3.9970136038709625
1.5176790115177627	3.997017725686975
1.5197746743339982	3.997021836140832
1.5218703371502338	3.9970259352794497
1.5239659999664692	3.997030023149487
1.5260616627827048	3.9970340997973444
1.5281573255989402	3.997038165269172
1.5302529884151759	3.997042219610864
1.5323486512314113	3.997046262868067
1.534444314047647	3.9970502950861713
1.5365399768638823	3.9970543163103294
1.538635639680118	3.99705832658544
1.5407313024963534	3.9970623259561626
1.542826965312589	3.997066314466911
1.5449226281288244	3.99707029216186
1.54701829094506	3.997074259084943
1.5491139537612955	3.9970782152798585
1.551209616577531	3.9970821607900677
1.5533052793937665	3.9970860956587977
1.5554009422100021	3.9970900199290407
1.5574966050262375	3.9970939336435602
1.5595922678424732	3.9970978368448904
1.5616879306587086	3.9971017295753346
1.563783593474944	3.9971056118769703
1.5658792562911796	3.9971094837916525
1.567974919107415	3.997113345361008
1.5700705819236507	3.9971171966264443
1.572166244739886	3.9971210376291486
1.5742619075561217	3.9971248684100873
1.5763575703723571	3.9971286890100113
1.5784532331885928	3.9971324994694526
1.5805488960048282	3.9971362998287283
1.5826445588210638	3.997140090127944
1.5847402216372992	3.997143870406992
1.5868358844535349	3.997147640705556
1.5889315472697703	3.9971514010631073
1.591027210086006	3.997155151518911
1.5931228729022413	3.9971588921120254
1.595218535718477	3.9971626228813038
1.5973141985347123	3.9971663438653957
1.599409861350948	3.997170055102748
1.6015055241671834	3.9971737566316077
1.603601186983419	3.9971774484900187
1.6056968497996544	3.99718113071583
1.60779251261589	3.9971848033466904
1.6098881754321255	3.997188466420056
1.6119838382483611	3.997192119973185
1.6140795010645965	3.997195764043143
1.6161751638808322	3.9971993986668046
1.6182708266970676	3.9972030238808522
1.6203664895133032	3.9972066397217816
1.6224621523295386	3.9972102462258956
1.6245578151457742	3.997213843429311
1.6266534779620097	3.9972174313679623
1.6287491407782453	3.9972210100775922
1.6308448035944807	3.9972245795937678
1.6329404664107163	3.9972281399518668
1.6350361292269517	3.9972316911870895
1.6371317920431874	3.9972352333344556
1.6392274548594228	3.997238766428805
1.6413231176756582	3.997242290504798
1.6434187804918938	3.9972458055969224
1.6455144433081292	3.9972493117394876
1.6476101061243649	3.9972528089666293
1.6497057689406003	3.9972562973123082
1.651801431756836	3.9972597768103153
1.6538970945730713	3.9972632474942693
1.655992757389307	3.9972667093976173
1.6580884202055424	3.9972701625536406
1.660184083021778	3.9972736069954493
1.6622797458380134	3.997277042755988
1.664375408654249	3.997280469868036
1.6664710714704845	3.9972838883642074
1.66856673428672	3.9972872982769503
1.6706623971029555	3.997290699638555
1.6727580599191911	3.997294092481146
1.6748537227354265	3.9972974768366876
1.6769493855516622	3.9973008527369864
1.6790450483678976	3.997304220213686
1.6811407111841332	3.9973075792982784
1.6832363740003686	3.9973109300220937
1.6853320368166043	3.9973142724163093
1.6874276996328397	3.9973176065119453
1.6895233624490753	3.99732093233987
1.6916190252653107	3.9973242499307977
1.6937146880815463	3.9973275593152913
1.6958103508977818	3.9973308605237627
1.6979060137140174	3.9973341535864737
1.7000016765302528	3.9973374385335365
1.7020973393464884	3.997340715394915
1.7041930021627238	3.9973439842004264
1.7062886649789595	3.9973472449797414
1.708384327795195	3.9973504977623837
1.7104799906114305	3.9973537425777357
1.712575653427666	3.997356979455031
1.7146713162439016	3.9973602084233666
1.716766979060137	3.997363429511692
1.7188626418763724	3.997366642748818
1.720958304692608	3.997369848163416
1.7230539675088434	3.997373045784015
1.725149630325079	3.997376235639009
1.7272452931413145	3.997379417756652
1.72934095595755	3.997382592165061
1.7314366187737855	3.9973857588922184
1.7335322815900212	3.997388917965968
1.7356279444062566	3.997392069414026
1.7377236072224922	3.9973952132639674
1.7398192700387276	3.9973983495432397
1.7419149328549632	3.997401478279153
1.7440105956711986	3.997404599498893
1.7461062584874343	3.9974077132295096
1.7482019213036697	3.997410819497925
1.7502975841199053	3.997413918330933
1.7523932469361407	3.997417009755198
1.7544889097523764	3.9974200937972584
1.7565845725686118	3.9974231704835237
1.7586802353848474	3.997426239840282
1.7607758982010828	3.997429301893691
1.7628715610173185	3.997432356669786
1.7649672238335539	3.9974354041944813
1.7670628866497895	3.997438444493567
1.769158549466025	3.997441477592708
1.7712542122822605	3.99744450351745
1.773349875098496	3.9974475222932195
1.7754455379147316	3.9974505339453215
1.777541200730967	3.9974535384989394
1.7796368635472026	3.9974565359791447
1.781732526363438	3.9974595264108834
1.7838281891796737	3.997462509818989
1.785923851995909	3.997465486228176
1.7880195148121447	3.997468455663045
1.7901151776283801	3.997471418148081
1.7922108404446158	3.997474373707654
1.7943065032608512	3.9974773223660187
1.7964021660770866	3.9974802641473195
1.7984978288933222	3.9974831990755892
1.8005934917095576	3.997486127174743
1.8026891545257933	3.997489048468591
1.8047848173420287	3.997491962980829
1.8068804801582643	3.9974948707350455
1.8089761429744997	3.9974977717547184
1.8110718057907353	3.997500666063215
1.8131674686069708	3.997503553683801
1.8152631314232064	3.9975064346396256
1.8173587942394418	3.997509308953739
1.8194544570556774	3.9975121766490807
1.8215501198719128	3.9975150377484883
1.8236457826881485	3.9975178922746912
1.8257414455043839	3.997520740250315
1.8278371083206195	3.997523581697883
1.829932771136855	3.9975264166398157
1.8320284339530906	3.997529245098428
1.834124096769326	3.9975320670959356
1.8362197595855616	3.9975348826544534
1.838315422401797	3.997537691795993
1.8404110852180326	3.997540494542466
1.842506748034268	3.9975432909156883
1.8446024108505037	3.99754608093737
1.846698073666739	3.99754886462913
1.8487937364829747	3.9975516420124824
1.8508893992992101	3.9975544131088494
1.8529850621154458	3.9975571779395533
1.8550807249316812	3.99755993652582
1.8571763877479168	3.9975626888887814
1.8592720505641522	3.9975654350494736
1.8613677133803879	3.9975681750288365
1.8634633761966233	3.997570908847718
1.865559039012859	3.9975736365268695
1.8676547018290943	3.997576358086954
1.86975036464533	3.9975790735485353
1.8718460274615654	3.9975817829320923
1.8739416902778008	3.9975844862580088
1.8760373530940364	3.9975871835465746
1.8781330159102718	3.997589874817994
1.8802286787265075	3.99759256009238
1.8823243415427429	3.997595239389753
1.8844200043589785	3.9975979127300487
1.886515667175214	3.9976005801331125
1.8886113299914495	3.997603241618699
1.890706992807685	3.9976058972064794
1.8928026556239206	3.9976085469160365
1.894898318440156	3.9976111907668654
1.8969939812563916	3.9976138287783765
1.899089644072627	3.997616460969894
1.9011853068888627	3.9976190873606563
1.903280969705098	3.997621707969817
1.9053766325213337	3.9976243228164474
1.9074722953375691	3.9976269319195334
1.9095679581538048	3.9976295352979765
1.9116636209700402	3.9976321329705975
1.9137592837862758	3.9976347249561357
1.9158549466025112	3.9976373112732455
1.9179506094187468	3.9976398919405
1.9200462722349823	3.9976424669763944
1.9221419350512179	3.9976450363993394
1.9242375978674533	3.997647600227668
1.926333260683689	3.9976501584796327
1.9284289234999243	3.9976527111734073
1.93052458631616	3.997655258327086
1.9326202491323954	3.997657799958683
1.934715911948631	3.9976603360861382
1.9368115747648664	3.9976628667273117
1.938907237581102	3.9976653918999867
1.9410029003973375	3.9976679116218667
1.943098563213573	3.997670425910585
1.9451942260298085	3.997672934783695
1.9472898888460441	3.997675438258674
1.9493855516622796	3.9976779363529262
1.951481214478515	3.9976804290837804
1.9535768772947506	3.9976829164684893
1.955672540110986	3.997685398524234
1.9577682029272216	3.997687875268123
1.959863865743457	3.9976903467171883
1.9619595285596927	3.997692812888391
1.964055191375928	3.9976952737986196
1.9661508541921637	3.997697729464691
1.9682465170083991	3.997700179903351
1.9703421798246348	3.99770262513127
1.9724378426408702	3.9977050651650554
1.9745335054571058	3.997707500021236
1.9766291682733412	3.997709929716278
1.9787248310895769	3.997712354266569
1.9808204939058123	3.997714773688437
1.982916156722048	3.9977171879981332
1.9850118195382833	3.997719597211845
1.987107482354519	3.9977220013456893
1.9892031451707544	3.9977244004157155
1.99129880798699	3.9977267944379076
1.9933944708032254	3.9977291834281763
1.995490133619461	3.9977315674023726
1.9975857964356964	3.9977339463762775
1.999681459251932	3.9977363203656067
2.0017771220681677	3.9977386893860096
2.003872784884403	3.9977410534530695
2.0059684477006385	3.9977434125823064
2.008064110516874	3.9977457667891736
2.01015977333311	3.997748116089063
2.012255436149345	3.9977504604972984
2.0143510989655806	3.9977528000291427
2.016446761781816	3.9977551346997933
2.018542424598052	3.997757464524388
2.0206380874142873	3.9977597895179966
2.0227337502305227	3.997762109695633
2.024829413046758	3.9977644250722424
2.026925075862994	3.997766735662712
2.0290207386792294	3.9977690414818663
2.031116401495465	3.9977713425444716
2.0332120643117	3.9977736388652274
2.0353077271279356	3.9977759304587774
2.0374033899441715	3.997778217339703
2.039499052760407	3.9977804995225283
2.0415947155766423	3.997782777021716
2.0436903783928777	3.997785049851666
2.0457860412091136	3.997787318026726
2.047881704025349	3.9977895815611797
2.0499773668415844	3.997791840469255
2.05207302965782	3.9977940947651223
2.0541686924740556	3.997796344462891
2.056264355290291	3.997798589576615
2.0583600181065265	3.997800830120291
2.060455680922762	3.997803066107861
2.0625513437389977	3.997805297553206
2.064647006555233	3.997807524470152
2.0667426693714686	3.9978097468724703
2.068838332187704	3.9978119647738763
2.07093399500394	3.9978141781880283
2.0730296578201752	3.9978163871285326
2.0751253206364106	3.997818591608936
2.077220983452646	3.997820791642735
2.079316646268882	3.9978229872433673
2.0814123090851173	3.9978251784242205
2.0835079719013527	3.997827365198628
2.085603634717588	3.997829547579866
2.087699297533824	3.9978317255811615
2.0897949603500594	3.9978338992156863
2.091890623166295	3.997836068496559
2.0939862859825302	3.9978382334368496
2.096081948798766	3.9978403940495695
2.0981776116150015	3.9978425503476824
2.100273274431237	3.997844702344101
2.1023689372474723	3.9978468500516837
2.104464600063708	3.9978489934832395
2.1065602628799436	3.997851132651524
2.108655925696179	3.9978532675692464
2.1107515885124144	3.997855398249063
2.11284725132865	3.997857524703578
2.1149429141448857	3.997859646945348
2.117038576961121	3.9978617649868804
2.1191342397773565	3.9978638788406324
2.121229902593592	3.9978659885190106
2.1233255654098278	3.997868094034376
2.125421228226063	3.9978701953990363
2.1275168910422986	3.997872292625254
2.129612553858534	3.9978743857252432
2.13170821667477	3.9978764747111684
2.1338038794910053	3.997878559595148
2.1358995423072407	3.997880640389251
2.137995205123476	3.997882717105501
2.140090867939712	3.997884789755875
2.1421865307559473	3.997886858352297
2.1442821935721827	3.9978889229066548
2.146377856388418	3.997890983430781
2.148473519204654	3.9978930399364665
2.1505691820208894	3.9978950924354555
2.152664844837125	3.9978971409394437
2.1547605076533602	3.9978991854600845
2.156856170469596	3.997901226008987
2.1589518332858315	3.9979032625977124
2.161047496102067	3.9979052952377776
2.1631431589183023	3.9979073239406535
2.165238821734538	3.9979093487177724
2.1673344845507736	3.997911369580516
2.169430147367009	3.9979133865402243
2.1715258101832444	3.9979153996081944
2.1736214729994803	3.9979174087956793
2.1757171358157157	3.9979194141138876
2.177812798631951	3.997921415573987
2.1799084614481865	3.9979234131870998
2.1820041242644224	3.9979254069643066
2.1840997870806578	3.997927396916647
2.186195449896893	3.997929383055116
2.1882911127131286	3.997931365390664
2.190386775529364	3.9979333439342133
2.1924824383456	3.997935318696624
2.1945781011618353	3.9979372896887275
2.1966737639780707	3.997939256921311
2.198769426794306	3.997941220405122
2.200865089610542	3.9979431801508643
2.2029607524267774	3.9979451361692053
2.2050564152430128	3.997947088470766
2.207152078059248	3.9979490370661313
2.209247740875484	3.9979509819658454
2.2113434036917194	3.9979529231804096
2.213439066507955	3.997954860720291
2.2155347293241903	3.9979567945959094
2.217630392140426	3.9979587248176554
2.2197260549566615	3.997960651395876
2.221821717772897	3.9979625743408698
2.2239173805891324	3.9979644936629093
2.226013043405368	3.997966409372219
2.2281087062216036	3.997968321479001
2.230204369037839	3.9979702299933986
2.2323000318540744	3.997972134925522
2.2343956946703103	3.997974036285462
2.2364913574865457	3.997975934083242
2.238587020302781	3.997977828328873
2.2406826831190165	3.997979719032319
2.2427783459352524	3.9979816062034956
2.244874008751488	3.9979834898523077
2.246969671567723	3.997985369988591
2.2490653343839586	3.997987246622179
2.2511609972001945	3.9979891197628366
2.25325666001643	3.997990989420311
2.2553523228326653	3.9979928556043114
2.2574479856489007	3.997994718324507
2.2595436484651366	3.997996577590527
2.261639311281372	3.9979984334119836
2.2637349740976074	3.9980002857984287
2.265830636913843	3.9980021347593953
2.267926299730078	3.998003980304374
2.270021962546314	3.998005822442821
2.2721176253625495	3.998007661184169
2.274213288178785	3.9980094965377924
2.2763089509950203	3.9980113285130563
2.278404613811256	3.9980131571192747
2.2805002766274916	3.998014982365739
2.282595939443727	3.998016804261686
2.2846916022599624	3.99801862281635
2.2867872650761982	3.9980204380388993
2.2888829278924336	3.998022249938494
2.290978590708669	3.998024058524249
2.2930742535249045	3.9980258638052386
2.2951699163411403	3.9980276657905227
2.2972655791573757	3.9980294644891154
2.299361241973611	3.9980312599099976
2.3014569047898465	3.9980330520621186
2.3035525676060824	3.9980348409544066
2.305648230422318	3.998036626595735
2.3077438932385532	3.9980384089949688
2.3098395560547886	3.998040188160927
2.3119352188710245	3.9980419641023954
2.31403088168726	3.99804373682813
2.3161265445034953	3.998045506346868
2.3182222073197307	3.99804727266729
2.3203178701359666	3.9980490357980742
2.322413532952202	3.9980507957478384
2.3245091957684374	3.998052552525194
2.326604858584673	3.9980543061387097
2.3287005214009087	3.9980560565969196
2.330796184217144	3.998057803908331
2.3328918470333795	3.9980595480814327
2.334987509849615	3.9980612891246574
2.3370831726658507	3.9980630270464332
2.339178835482086	3.9980647618551477
2.3412744982983216	3.9980664935591457
2.343370161114557	3.9980682221667707
2.3454658239307924	3.9980699476863033
2.3475614867470282	3.998071670126028
2.3496571495632637	3.9980733894941705
2.351752812379499	3.9980751057989403
2.3538484751957345	3.9980768190485243
2.3559441380119703	3.998078529251068
2.3580398008282057	3.998080236414696
2.360135463644441	3.9980819405475017
2.3622311264606766	3.9980836416575407
2.3643267892769124	3.9980853397528606
2.366422452093148	3.9980870348414586
2.3685181149093832	3.998088726931315
2.3706137777256187	3.9980904160303883
2.3727094405418545	3.9980921021465914
2.37480510335809	3.9980937852878182
2.3769007661743253	3.9980954654619474
2.3789964289905607	3.998097142676802
2.3810920918067966	3.9980988169402085
2.383187754623032	3.998100488259937
2.3852834174392674	3.9981021566437525
2.387379080255503	3.9981038220993836
2.3894747430717387	3.998105484634529
2.391570405887974	3.998107144256867
2.3936660687042095	3.9981088009740473
2.395761731520445	3.998110454793686
2.3978573943366808	3.9981121057233806
2.399953057152916	3.998113753770696
2.4020487199691516	3.9981153989431815
2.404144382785387	3.998117041248349
2.406240045601623	3.998118680693689
2.4083357084178583	3.998120317286662
2.4104313712340937	3.9981219510347095
2.412527034050329	3.998123581945243
2.414622696866565	3.998125210025642
2.4167183596828004	3.998126835283273
2.4188140224990358	3.9981284577254725
2.420909685315271	3.9981300773595416
2.4230053481315066	3.998131694192772
2.4251010109477424	3.9981333082324197
2.427196673763978	3.99813491948572
2.4292923365802133	3.9981365279598804
2.4313879993964487	3.9981381336620867
2.4334836622126845	3.998139736599497
2.43557932502892	3.9981413367792458
2.4376749878451553	3.9981429342084445
2.4397706506613908	3.9981445288941773
2.4418663134776266	3.998146120843507
2.443961976293862	3.9981477100634706
2.4460576391100974	3.9981492965610848
2.448153301926333	3.998150880343328
2.4502489647425687	3.9981524614171753
2.452344627558804	3.998154039789567
2.4544402903750395	3.998155615467417
2.456535953191275	3.9981571884576237
2.458631616007511	3.9981587587670555
2.460727278823746	3.9981603264025587
2.4628229416399816	3.998161891370959
2.464918604456217	3.998163453679057
2.467014267272453	3.998165013333629
2.4691099300886883	3.9981665703414313
2.4712055929049237	3.9981681247091947
2.473301255721159	3.9981696764436276
2.475396918537395	3.9981712255514172
2.4774925813536304	3.9981727720392275
2.479588244169866	3.9981743159136984
2.481683906986101	3.9981758571814487
2.483779569802337	3.998177395849076
2.4858752326185725	3.998178931923153
2.487970895434808	3.9981804654102313
2.4900665582510433	3.998181996316842
2.492162221067279	3.9981835246494932
2.4942578838835145	3.99818505041467
2.49635354669975	3.9981865736188364
2.4984492095159854	3.998188094268436
2.500544872332221	3.9981896123698895
2.5026405351484566	3.9981911279295965
2.504736197964692	3.9981926409539357
2.5068318607809275	3.9981941514492623
2.508927523597163	3.998195659421916
2.5110231864133987	3.9981971648782006
2.513118849229634	3.998198667824422
2.5152145120458695	3.9982001682668455
2.517310174862105	3.9982016662117252
2.519405837678341	3.998203161665291
2.521501500494576	3.9982046546337537
2.5235971633108116	3.998206145123301
2.525692826127047	3.998207633140103
2.527788488943283	3.998209118690307
2.5298841517595183	3.9982106017800434
2.5319798145757537	3.9982120824154177
2.534075477391989	3.9982135606025198
2.536171140208225	3.9982150363474105
2.5382668030244604	3.998216509656144
2.540362465840696	3.9982179805347466
2.542458128656931	3.9982194489892247
2.544553791473167	3.998220915025567
2.5466494542894025	3.9982223786497406
2.548745117105638	3.998223839867695
2.5508407799218733	3.998225298685358
2.552936442738109	3.9982267551086386
2.5550321055543446	3.9982282091434294
2.55712776837058	3.9982296607955994
2.5592234311868154	3.998231110071
2.5613190940030512	3.9982325569754638
2.5634147568192867	3.998234001514804
2.565510419635522	3.9982354436948153
2.5676060824517575	3.998236883521274
2.5697017452679933	3.9982383209999353
2.5717974080842287	3.998239756136537
2.573893070900464	3.9982411889367975
2.5759887337166996	3.9982426194064216
2.578084396532935	3.9982440475510868
2.580180059349171	3.998245473376458
2.5822757221654062	3.9982468968881832
2.5843713849816417	3.998248318091881
2.586467047797877	3.998249736993168
2.588562710614113	3.9982511535976344
2.5906583734303483	3.998252567910849
2.5927540362465837	3.9982539799383687
2.594849699062819	3.998255389685728
2.596945361879055	3.9982567971584473
2.5990410246952904	3.998258202362027
2.601136687511526	3.998259605301949
2.6032323503277612	3.9982610059836787
2.605328013143997	3.998262404412666
2.6074236759602325	3.9982638005943394
2.609519338776468	3.9982651945341123
2.6116150015927033	3.9982665862373814
2.613710664408939	3.9982679757095223
2.6158063272251746	3.998269362955898
2.61790199004141	3.9982707479818522
2.6199976528576454	3.998272130792711
2.6220933156738813	3.9982735113937844
2.6241889784901167	3.9982748897903644
2.626284641306352	3.9982762659877285
2.6283803041225875	3.9982776399911346
2.6304759669388234	3.998279011805826
2.6325716297550588	3.9982803814370262
2.634667292571294	3.998281748889945
2.6367629553875296	3.9982831141697774
2.6388586182037654	3.9982844772816954
2.640954281020001	3.9982858382308617
2.6430499438362363	3.9982871970224174
2.6451456066524717	3.9982885536614905
2.6472412694687075	3.9982899081531915
2.649336932284943	3.9982912605026137
2.6514325951011783	3.998292610714837
2.6535282579174138	3.998293958794922
2.655623920733649	3.9982953047479177
2.657719583549885	3.9982966485788523
2.6598152463661204	3.9982979902927402
2.661910909182356	3.9982993298945817
2.6640065719985913	3.998300667389359
2.666102234814827	3.9983020027820384
2.6681978976310625	3.998303336077575
2.670293560447298	3.9983046672809026
2.6723892232635333	3.998305996396941
2.674484886079769	3.9983073234305984
2.6765805488960046	3.9983086483867623
2.67867621171224	3.99830997127031
2.6807718745284754	3.998311292086099
2.6828675373447113	3.9983126108389735
2.6849632001609467	3.9983139275337627
2.687058862977182	3.9983152421752823
2.6891545257934175	3.998316554768329
2.6912501886096534	3.998317865317689
2.693345851425889	3.998319173828132
2.695441514242124	3.9983204803044097
2.6975371770583596	3.9983217847512638
2.6996328398745955	3.9983230871734183
2.701728502690831	3.9983243875755856
2.7038241655070663	3.9983256859624587
2.7059198283233017	3.9983269823387197
2.7080154911395375	3.998328276709036
2.710111153955773	3.998329569078059
2.7122068167720084	3.9983308594504274
2.7143024795882438	3.998332147830764
2.7163981424044796	3.998333434223678
2.718493805220715	3.998334718633764
2.7205894680369505	3.9983360010656046
2.722685130853186	3.998337281523766
2.7247807936694217	3.9983385600128
2.726876456485657	3.998339836537247
2.7289721193018925	3.99834111110163
2.731067782118128	3.998342383710462
2.7331634449343634	3.9983436543682385
2.735259107750599	3.9983449230794426
2.7373547705668346	3.9983461898485446
2.73945043338307	3.998347454680002
2.7415460961993054	3.9983487175782555
2.7436417590155413	3.9983499785477328
2.7457374218317767	3.9983512375928503
2.747833084648012	3.9983524947180107
2.7499287474642475	3.998353749927601
2.7520244102804834	3.9983550032259982
2.754120073096719	3.9983562546175597
2.756215735912954	3.998357504106639
2.7583113987291896	3.998358751697568
2.7604070615454255	3.9983599973946706
2.762502724361661	3.9983612412022547
2.7645983871778963	3.9983624831246156
2.7666940499941317	3.9983637231660367
2.7687897128103676	3.9983649613307892
2.770885375626603	3.998366197623129
2.7729810384428384	3.9983674320473
2.775076701259074	3.9983686646075336
2.7771723640753097	3.9983698953080475
2.779268026891545	3.9983711241530506
2.7813636897077805	3.998372351146733
2.783459352524016	3.998373576293276
2.7855550153402517	3.998374799596848
2.787650678156487	3.998376021061603
2.7897463409727226	3.998377240691686
2.791842003788958	3.9983784584912265
2.793937666605194	3.998379674464344
2.7960333294214292	3.9983808886151406
2.7981289922376646	3.9983821009477127
2.8002246550539	3.998383311466142
2.802320317870136	3.9983845201744947
2.8044159806863713	3.9983857270768297
2.8065116435026067	3.998386932177192
2.808607306318842	3.998388135479613
2.8107029691350776	3.998389336988114
2.8127986319513134	3.9983905367067045
2.814894294767549	3.9983917346393794
2.8169899575837842	3.998392930790124
2.8190856204000196	3.998394125162913
2.8211812832162555	3.998395317761706
2.823276946032491	3.998396508590452
2.8253726088487263	3.9983976976530897
2.8274682716649617	3.998398884953546
2.8295639344811976	3.9984000704957325
2.831659597297433	3.9984012542835554
2.8337552601136684	3.9984024363209034
2.835850922929904	3.9984036166116574
2.8379465857461397	3.9984047951596855
2.840042248562375	3.9984059719688445
2.8421379113786105	3.9984071470429803
2.844233574194846	3.998408320385926
2.8463292370110818	3.9984094920015063
2.848424899827317	3.9984106618935322
2.8505205626435526	3.998411830065804
2.852616225459788	3.9984129965221107
2.854711888276024	3.998414161266231
2.8568075510922593	3.998415324301931
2.8589032139084947	3.998416485632968
2.86099887672473	3.9984176452630864
2.863094539540966	3.998418803196021
2.8651902023572013	3.9984199594354934
2.8672858651734368	3.9984211139852173
2.869381527989672	3.9984222668488942
2.871477190805908	3.9984234180302134
2.8735728536221434	3.9984245675328562
2.875668516438379	3.99842571536049
2.8777641792546143	3.998426861516776
2.87985984207085	3.9984280060053603
2.8819555048870855	3.9984291488298793
2.884051167703321	3.9984302899939603
2.8861468305195563	3.9984314295012213
2.8882424933357917	3.9984325673552648
2.8903381561520276	3.9984337035596886
2.892433818968263	3.998434838118076
2.8945294817844984	3.9984359710340014
2.896625144600734	3.9984371023110294
2.8987208074169697	3.9984382319527123
2.900816470233205	3.9984393599625974
2.9029121330494405	3.9984404863442125
2.905007795865676	3.9984416111010845
2.907103458681912	3.998442734236724
2.909199121498147	3.998443855754636
2.9112947843143826	3.998444975658312
2.913390447130618	3.998446093951235
2.915486109946854	3.998447210636876
2.9175817727630893	3.9984483257186993
2.9196774355793247	3.9984494392001575
2.92177309839556	3.9984505510846935
2.923868761211796	3.99845166137574
2.9259644240280314	3.99845277007672
2.9280600868442668	3.9984538771910456
2.930155749660502	3.998454982722122
2.932251412476738	3.9984560866733427
2.9343470752929735	3.9984571890480907
2.936442738109209	3.998458289849742
2.9385384009254443	3.9984593890816607
2.94063406374168	3.9984604867472022
2.9427297265579155	3.9984615828497123
2.944825389374151	3.9984626773925265
2.9469210521903864	3.9984637703789727
2.949016715006622	3.9984648618123666
2.9511123778228576	3.998465951696018
2.953208040639093	3.998467040033222
2.9553037034553284	3.998468126827271
2.9573993662715643	3.998469212081444
2.9594950290877997	3.998470295799011
2.961590691904035	3.9984713779832313
2.9636863547202705	3.9984724586373606
2.965782017536506	3.998473537764639
2.967877680352742	3.998474615368301
2.969973343168977	3.9984756914515724
2.9720690059852126	3.998476766017666
2.974164668801448	3.9984778390697895
2.976260331617684	3.9984789106111394
2.9783559944339193	3.998479980644906
2.9804516572501547	3.998481049174266
2.98254732006639	3.9984821162023936
2.984642982882626	3.9984831817324458
2.9867386456988614	3.9984842457675787
2.988834308515097	3.998485308310935
2.990929971331332	3.998486369365649
2.993025634147568	3.998487428934847
2.9951212969638035	3.998488487021649
2.997216959780039	3.9984895436291596
2.9993126225962743	3.998490598760482
3.00140828541251	3.9984916524187066
3.0035039482287456	3.9984927046069165
3.005599611044981	3.9984937553281856
3.0076952738612164	3.9984948045855795
3.0097909366774522	3.998495852382155
3.0118865994936876	3.9984968987209615
3.013982262309923	3.9984979436050385
3.0160779251261585	3.998498987037418
3.0181735879423943	3.9985000290211232
3.0202692507586297	3.9985010695591683
3.022364913574865	3.998502108654561
3.0244605763911006	3.9985031463102993
3.0265562392073364	3.9985041825293712
3.028651902023572	3.9985052173147597
3.0307475648398072	3.9985062506694407
3.0328432276560426	3.998507282596375
3.0349388904722785	3.99850831309852
3.037034553288514	3.998509342178828
3.0391302161047493	3.9985103698402362
3.0412258789209847	3.9985113960856786
3.0433215417372206	3.9985124209180807
3.045417204553456	3.998513444340356
3.0475128673696914	3.998514466355415
3.049608530185927	3.9985154869661588
3.0517041930021622	3.998516506175478
3.053799855818398	3.998517523986258
3.0558955186346335	3.998518540401376
3.057991181450869	3.9985195554236985
3.0600868442671043	3.9985205690560885
3.06218250708334	3.998521581301399
3.0642781698995756	3.998522592162475
3.066373832715811	3.998523601642152
3.0684694955320464	3.9985246097432623
3.0705651583482823	3.9985256164686263
3.0726608211645177	3.99852662182106
3.074756483980753	3.998527625803368
3.0768521467969885	3.9985286284183497
3.0789478096132243	3.9985296296687967
3.0810434724294598	3.9985306295574947
3.083139135245695	3.9985316280872163
3.0852347980619306	3.998532625260733
3.0873304608781664	3.998533621080804
3.089426123694402	3.998534615550185
3.0915217865106372	3.9985356086716193
3.0936174493268727	3.9985366004478484
3.0957131121431085	3.998537590881602
3.097808774959344	3.9985385799756052
3.0999044377755793	3.998539567732574
3.1020001005918147	3.998540554155217
3.1040957634080506	3.9985415392462365
3.106191426224286	3.998542523008328
3.1082870890405214	3.9985435054441774
3.110382751856757	3.998544486556466
3.1124784146729927	3.998545466347866
3.114574077489228	3.998546444821043
3.1166697403054635	3.9985474219786568
3.118765403121699	3.998548397823358
3.1208610659379348	3.9985493723577896
3.12295672875417	3.998550345584592
3.1250523915704056	3.998551317506391
3.127148054386641	3.9985522881258126
3.1292437172028764	3.9985532574454727
3.1313393800191123	3.9985542254679802
3.1334350428353477	3.9985551921959357
3.135530705651583	3.9985561576319353
3.1376263684678185	3.9985571217785685
3.1397220312840544	3.998558084638414
3.1418176941002898	3.9985590462140475
3.143913356916525	3.998560006508037
3.1460090197327606	3.998560965522943
3.1481046825489964	3.9985619232613185
3.150200345365232	3.998562879725711
3.1522960081814673	3.9985638349186603
3.1543916709977027	3.998564788842701
3.1564873338139385	3.9985657415003595
3.158582996630174	3.998566692894156
3.1606786594464094	3.998567643026603
3.1627743222626448	3.998568591900208
3.1648699850788806	3.998569539517471
3.166965647895116	3.9985704858808866
3.1690613107113514	3.9985714309929405
3.171156973527587	3.998572374856112
3.1732526363438227	3.998573317472877
3.175348299160058	3.998574258845702
3.1774439619762935	3.998575198977048
3.179539624792529	3.998576137869368
3.181635287608765	3.998577075525111
3.183730950425	3.998578011946719
3.1858266132412356	3.998578947136625
3.187922276057471	3.99857988109726
3.190017938873707	3.9985808138310435
3.1921136016899423	3.9985817453403922
3.1942092645061777	3.998582675627717
3.196304927322413	3.9985836046954195
3.198400590138649	3.9985845325458964
3.2004962529548844	3.9985854591815397
3.20259191577112	3.998586384604732
3.204687578587355	3.998587308817854
3.2067832414035906	3.9985882318232737
3.2088789042198265	3.9985891536233606
3.210974567036062	3.9985900742204707
3.2130702298522973	3.998590993616961
3.2151658926685327	3.9985919118151756
3.2172615554847686	3.9985928288174564
3.219357218301004	3.9985937446261395
3.2214528811172394	3.998594659243554
3.223548543933475	3.9985955726720204
3.2256442067497106	3.998596484913858
3.227739869565946	3.9985973959713768
3.2298355323821815	3.99859830584688
3.231931195198417	3.9985992145426694
3.2340268580146527	3.9986001220610348
3.236122520830888	3.998601028404267
3.2382181836471235	3.9986019335746423
3.240313846463359	3.9986028375744405
3.242409509279595	3.998603740405927
3.2445051720958302	3.998604642071368
3.2466008349120656	3.9986055425730185
3.248696497728301	3.9986064419131324
3.250792160544537	3.9986073400939555
3.2528878233607723	3.9986082371177263
3.2549834861770077	3.99860913298668
3.257079148993243	3.9986100277030454
3.259174811809479	3.9986109212690457
3.2612704746257144	3.9986118136868964
3.26336613744195	3.998612704958812
3.265461800258185	3.9986135950869963
3.267557463074421	3.9986144840736486
3.2696531258906565	3.9986153719209647
3.271748788706892	3.9986162586311336
3.2738444515231273	3.998617144206338
3.275940114339363	3.9986180286487554
3.2780357771555986	3.9986189119605586
3.280131439971834	3.9986197941439134
3.2822271027880694	3.9986206752009825
3.284322765604305	3.9986215551339197
3.2864184284205407	3.9986224339448757
3.288514091236776	3.998623311635994
3.2906097540530115	3.998624188209416
3.292705416869247	3.998625063667273
3.2948010796854827	3.998625938011696
3.296896742501718	3.9986268112448036
3.2989924053179536	3.9986276833687167
3.301088068134189	3.9986285543855455
3.303183730950425	3.9986294242973988
3.3052793937666602	3.9986302931063755
3.3073750565828957	3.998631160814573
3.309470719399131	3.998632027424082
3.311566382215367	3.998632892936987
3.3136620450316023	3.998633757355369
3.3157577078478377	3.9986346206813015
3.317853370664073	3.9986354829168573
3.319949033480309	3.998636344064098
3.3220446962965444	3.998637204125083
3.32414035911278	3.9986380631018674
3.3262360219290152	3.9986389209964983
3.328331684745251	3.998639777811022
3.3304273475614865	3.998640633547475
3.332523010377722	3.998641488207892
3.3346186731939573	3.9986423417943
3.336714336010193	3.998643194308723
3.3388099988264286	3.9986440457531796
3.340905661642664	3.998644896129681
3.3430013244588994	3.9986457454402378
3.3450969872751353	3.9986465936868507
3.3471926500913707	3.99864744087152
3.349288312907606	3.9986482869962354
3.3513839757238415	3.998649132062988
3.3534796385400774	3.998649976073758
3.3555753013563128	3.9986508190305274
3.357670964172548	3.9986516609352662
3.3597666269887836	3.9986525017899424
3.361862289805019	3.9986533415965217
3.363957952621255	3.998654180356961
3.3660536154374903	3.9986550180732126
3.3681492782537257	3.998655854747227
3.370244941069961	3.9986566903809493
3.372340603886197	3.9986575249763145
3.3744362667024324	3.9986583585352613
3.3765319295186678	3.998659191059715
3.378627592334903	3.998660022551602
3.380723255151139	3.998660853012843
3.3828189179673744	3.998661682445352
3.38491458078361	3.99866251085104
3.3870102435998453	3.998663338231812
3.389105906416081	3.9986641645895684
3.3912015692323165	3.9986649899262057
3.393297232048552	3.998665814243616
3.3953928948647873	3.9986666375436863
3.397488557681023	3.9986674598282974
3.3995842204972586	3.9986682810993295
3.401679883313494	3.998669101358652
3.4037755461297294	3.9986699206081364
3.4058712089459653	3.9986707388496443
3.4079668717622007	3.998671556085036
3.410062534578436	3.998672372316165
3.4121581973946715	3.998673187544882
3.4142538602109074	3.9986740017730322
3.416349523027143	3.9986748150024574
3.418445185843378	3.9986756272349924
3.4205408486596136	3.9986764384724696
3.4226365114758495	3.998677248716718
3.424732174292085	3.998678057969559
3.4268278371083203	3.9986788662328108
3.4289234999245557	3.9986796735082892
3.4310191627407916	3.998680479797802
3.433114825557027	3.998681285103156
3.4352104883732624	3.9986820894261497
3.437306151189498	3.998682892768582
3.439401814005733	3.9986836951322444
3.441497476821969	3.998684496518923
3.4435931396382045	3.9986852969304043
3.44568880245444	3.9986860963684636
3.4477844652706753	3.998686894834877
3.449880128086911	3.998687692331415
3.4519757909031465	3.9986884888598433
3.454071453719382	3.9986892844219257
3.4561671165356174	3.9986900790194175
3.4582627793518532	3.998690872654072
3.4603584421680886	3.9986916653276383
3.462454104984324	3.998692457041862
3.4645497678005595	3.998693247798483
3.4666454306167953	3.998694037599236
3.4687410934330307	3.998694826445857
3.470836756249266	3.998695614340073
3.4729324190655015	3.998696401283605
3.4750280818817374	3.998697187278173
3.477123744697973	3.9986979723254943
3.479219407514208	3.9986987564272813
3.4813150703304436	3.998699539585238
3.4834107331466795	3.9987003218010697
3.485506395962915	3.9987011030764754
3.4876020587791503	3.9987018834131476
3.4896977215953857	3.9987026628127813
3.4917933844116216	3.998703441277059
3.493889047227857	3.9987042188076667
3.4959847100440924	3.9987049954062805
3.498080372860328	3.9987057710745777
3.5001760356765637	3.998706545814228
3.502271698492799	3.998707319626897
3.5043673613090345	3.998708092514249
3.50646302412527	3.9987088644779423
3.5085586869415057	3.9987096355196305
3.510654349757741	3.9987104056409652
3.5127500125739766	3.9987111748435944
3.514845675390212	3.9987119431291585
3.5169413382064474	3.998712710499299
3.5190370010226832	3.998713476955652
3.5211326638389187	3.998714242499844
3.523228326655154	3.9987150071335074
3.5253239894713895	3.998715770858263
3.5274196522876253	3.9987165336757298
3.5295153151038607	3.998717295587526
3.531610977920096	3.9987180565952616
3.5337066407363316	3.998718816700547
3.5358023035525674	3.9987195759049836
3.537897966368803	3.998720334210174
3.5399936291850382	3.9987210916177145
3.5420892920012736	3.9987218481291973
3.5441849548175095	3.9987226037462116
3.546280617633745	3.998723358470345
3.5483762804499803	3.9987241123031776
3.5504719432662157	3.9987248652462855
3.5525676060824516	3.9987256173012455
3.554663268898687	3.9987263684696277
3.5567589317149224	3.998727118752999
3.558854594531158	3.9987278681529212
3.5609502573473937	3.998728616670956
3.563045920163629	3.9987293643086574
3.5651415829798645	3.9987301110675775
3.5672372457961	3.9987308569492663
3.5693329086123358	3.998731601955266
3.571428571428571	3.9987323460871207
3.5735242342448066	3.9987330893463655
3.575619897061042	3.9987338317345373
3.577715559877278	3.998734573253164
3.5798112226935133	3.9987353139037727
3.5819068855097487	3.998736053687889
3.584002548325984	3.99873679260703
3.58609821114222	3.9987375306627126
3.5881938739584553	3.9987382678564485
3.5902895367746908	3.9987390041897495
3.592385199590926	3.9987397396641184
3.5944808624071616	3.9987404742810595
3.5965765252233974	3.998741208042068
3.598672188039633	3.998741940948642
3.6007678508558683	3.9987426730022717
3.6028635136721037	3.998743404204446
3.6049591764883395	3.9987441345566492
3.607054839304575	3.998744864060362
3.6091505021208103	3.998745592717064
3.6112461649370458	3.998746320528226
3.6133418277532816	3.9987470474953213
3.615437490569517	3.9987477736198183
3.6175331533857524	3.9987484989031796
3.619628816201988	3.9987492233468656
3.6217244790182237	3.998749946952335
3.623820141834459	3.9987506697210384
3.6259158046506945	3.9987513916544306
3.62801146746693	3.9987521127539574
3.630107130283166	3.998752833021062
3.632202793099401	3.9987535524571856
3.6342984559156366	3.998754271063765
3.636394118731872	3.9987549888422356
3.638489781548108	3.9987557057940255
3.6405854443643433	3.998756421920563
3.6426811071805787	3.998757137223273
3.644776769996814	3.9987578517035764
3.64687243281305	3.998758565362889
3.6489680956292854	3.998759278202626
3.651063758445521	3.9987599902242
3.653159421261756	3.998760701429016
3.655255084077992	3.9987614118184798
3.6573507468942275	3.9987621213939932
3.659446409710463	3.998762830156954
3.6615420725266983	3.9987635381087565
3.663637735342934	3.998764245250793
3.6657333981591695	3.9987649515844517
3.667829060975405	3.9987656571111185
3.6699247237916404	3.9987663618321747
3.6720203866078758	3.998767065749001
3.6741160494241116	3.998767768862972
3.676211712240347	3.998768471175459
3.6783073750565825	3.998769172687835
3.680403037872818	3.998769873401465
3.6824987006890537	3.998770573317712
3.684594363505289	3.998771272437937
3.6866900263215245	3.998771970763496
3.68878568913776	3.9987726682957434
3.690881351953996	3.9987733650360324
3.692977014770231	3.998774060985708
3.6950726775864666	3.9987747561461178
3.697168340402702	3.998775450518601
3.699264003218938	3.998776144104499
3.7013596660351733	3.998776836905146
3.7034553288514087	3.9987775289218748
3.705550991667644	3.9987782201560167
3.70764665448388	3.9987789106088956
3.7097423173001154	3.9987796002818388
3.711837980116351	3.998780289176165
3.713933642932586	3.9987809772931926
3.716029305748822	3.9987816646342345
3.7181249685650575	3.998782351200606
3.720220631381293	3.998783036993614
3.7223162941975283	3.9987837220145646
3.724411957013764	3.99878440626476
3.7265076198299996	3.998785089745503
3.728603282646235	3.9987857724580884
3.7306989454624704	3.99878645440381
3.7327946082787062	3.9987871355839615
3.7348902710949416	3.9987878159998287
3.736985933911177	3.9987884956527
3.7390815967274125	3.9987891745438566
3.7411772595436483	3.9987898526745775
3.7432729223598837	3.9987905300461404
3.745368585176119	3.9987912066598206
3.7474642479923546	3.998791882516886
3.74955991080859	3.9987925576186094
3.751655573624826	3.9987932319662534
3.7537512364410612	3.998793905561082
3.7558468992572966	3.9987945784043535
3.757942562073532	3.998795250497327
3.760038224889768	3.9987959218412557
3.7621338877060033	3.998796592437391
3.7642295505222387	3.9987972622869834
3.766325213338474	3.9987979313912754
3.76842087615471	3.9987985997515136
3.7705165389709454	3.9987992673689368
3.772612201787181	3.998799934244783
3.7747078646034162	3.998800600380286
3.776803527419652	3.9988012657766796
3.7788991902358875	3.998801930435193
3.780994853052123	3.9988025943570524
3.7830905158683583	3.998803257543481
3.785186178684594	3.998803919995702
3.7872818415008296	3.998804581714932
3.789377504317065	3.998805242702389
3.7914731671333004	3.9988059029592837
3.7935688299495363	3.9988065624868288
3.7956644927657717	3.9988072212862313
3.797760155582007	3.9988078793586954
3.7998558183982425	3.9988085367054262
3.8019514812144783	3.9988091933276206
3.8040471440307138	3.998809849226478
3.806142806846949	3.998810504403193
3.8082384696631846	3.998811158858955
3.8103341324794204	3.998811812594955
3.812429795295656	3.9988124656123825
3.8145254581118913	3.9988131179124164
3.8166211209281267	3.998813769496241
3.8187167837443625	3.9988144203650355
3.820812446560598	3.9988150705199756
3.8229081093768333	3.9988157199622356
3.8250037721930688	3.9988163686929856
3.827099435009304	3.9988170167133945
3.82919509782554	3.9988176640246307
3.8312907606417754	3.9988183106278528
3.833386423458011	3.9988189565242274
3.8354820862742462	3.998819601714909
3.837577749090482	3.9988202462010545
3.8396734119067175	3.9988208899838176
3.841769074722953	3.9988215330643495
3.8438647375391883	3.998822175443798
3.845960400355424	3.99882281712331
3.8480560631716596	3.998823458104026
3.850151725987895	3.998824098387091
3.8522473888041304	3.9988247379736395
3.8543430516203663	3.99882537686481
3.8564387144366017	3.9988260150617356
3.858534377252837	3.9988266525655454
3.8606300400690725	3.998827289377369
3.8627257028853084	3.9988279254983343
3.8648213657015438	3.998828560929563
3.866917028517779	3.9988291956721773
3.8690126913340146	3.998829829727293
3.8711083541502505	3.9988304630960307
3.873204016966486	3.998831095779503
3.8752996797827213	3.998831727778819
3.8773953425989567	3.9988323590950903
3.8794910054151925	3.998832989729423
3.881586668231428	3.998833619682922
3.8836823310476634	3.998834248956688
3.8857779938638988	3.998834877551821
3.8878736566801346	3.998835505469419
3.88996931949637	3.998836132710576
3.8920649823126054	3.9988367592763847
3.894160645128841	3.998837385167936
3.8962563079450767	3.9988380103863173
3.898351970761312	3.998838634932613
3.9004476335775475	3.998839258807907
3.902543296393783	3.9988398820132796
3.9046389592100184	3.9988405045498094
3.906734622026254	3.998841126418574
3.9088302848424896	3.9988417476206455
3.910925947658725	3.998842368157097
3.9130216104749604	3.9988429880289953
3.9151172732911963	3.99884360723741
3.9172129361074317	3.998844225783403
3.919308598923667	3.9988448436680413
3.9214042617399025	3.9988454608923796
3.9234999245561384	3.9988460774574786
3.925595587372374	3.9988466933643947
3.927691250188609	3.9988473086141796
3.9297869130048446	3.9988479232078835
3.9318825758210805	3.9988485371465585
3.933978238637316	3.998849150431249
3.9360739014535513	3.9988497630629998
3.9381695642697867	3.9988503750428523
3.9402652270860226	3.998850986371848
3.942360889902258	3.998851597051023
3.9444565527184934	3.9988522070814154
3.946552215534729	3.9988528164640553
3.9486478783509646	3.9988534251999766
3.9507435411672	3.9988540332902067
3.9528392039834355	3.998854640735773
3.954934866799671	3.9988552475377004
3.9570305296159067	3.998855853697011
3.959126192432142	3.998856459214724
3.9612218552483776	3.9988570640918595
3.963317518064613	3.9988576683294315
3.965413180880849	3.998858271928456
3.9675088436970842	3.998858874889942
3.9696045065133196	3.9988594772149013
3.971700169329555	3.9988600789043405
3.973795832145791	3.998860679959265
3.9758914949620263	3.998861280380678
3.9779871577782617	3.9988618801695806
3.980082820594497	3.9988624793269723
3.9821784834107326	3.9988630778538465
3.9842741462269684	3.9988636757512026
3.986369809043204	3.998864273020032
3.9884654718594392	3.998864869661323
3.9905611346756746	3.998865465676066
3.9926567974919105	3.9988660610652476
3.994752460308146	3.9988666558298513
3.9968481231243813	3.99886724997086
3.9989437859406167	3.9988678434892537
4.001039448756853	3.9988684363860103
4.003135111573088	3.9988690286621065
4.005230774389323	3.998869620318516
4.007326437205559	3.99887021135621
4.009422100021794	3.9988708017761603
4.01151776283803	3.9988713915793332
4.013613425654266	3.9988719807666957
4.015709088470501	3.9988725693392118
4.017804751286737	3.9988731572978433
4.019900414102972	3.9988737446435487
4.021996076919208	3.998874331377288
4.024091739735443	3.998874917500016
4.026187402551678	3.9988755030126866
4.028283065367914	3.998876087916253
4.03037872818415	3.9988766722116633
4.0324743910003855	3.9988772558998664
4.034570053816621	3.9988778389818087
4.036665716632856	3.9988784214584343
4.038761379449092	3.9988790033306847
4.040857042265327	3.9988795845994995
4.042952705081563	3.9988801652658186
4.045048367897798	3.998880745330577
4.047144030714034	3.99888132479471
4.04923969353027	3.998881903659149
4.051335356346505	3.998882481924826
4.0534310191627405	3.9988830595926674
4.055526681978976	3.998883636663601
4.057622344795211	3.9988842131385507
4.059718007611447	3.99888478901844
4.061813670427682	3.998885364304191
4.063909333243918	3.99888593899672
4.066004996060154	3.998886513096947
4.068100658876389	3.9988870866057833
4.070196321692625	3.9988876595241467
4.07229198450886	3.998888231852946
4.0743876473250955	3.9988888035930916
4.076483310141331	3.998889374745491
4.078578972957566	3.9988899453110487
4.080674635773802	3.9988905152906726
4.082770298590038	3.9988910846852597
4.0848659614062734	3.9988916534957144
4.086961624222509	3.9988922217229326
4.089057287038744	3.9988927893678117
4.09115294985498	3.9988933564312474
4.093248612671215	3.998893922914131
4.0953442754874505	3.998894488817354
4.097439938303686	3.998895054141807
4.099535601119922	3.9988956188883753
4.101631263936158	3.9988961830579464
4.103726926752393	3.998896746651403
4.1058225895686284	3.9988973096696268
4.107918252384864	3.9988978721135
4.110013915201099	3.9988984339838987
4.112109578017335	3.9988989952817007
4.11420524083357	3.9988995560077814
4.116300903649806	3.9989001161630124
4.118396566466042	3.998900675748266
4.120492229282277	3.998901234764412
4.122587892098513	3.9989017932123176
4.124683554914748	3.9989023510928488
4.126779217730983	3.9989029084068695
4.128874880547219	3.998903465155242
4.130970543363454	3.998904021338827
4.133066206179691	3.998904576958486
4.135161868995926	3.9989051320150724
4.137257531812161	3.998905686509444
4.139353194628397	3.998906240442455
4.141448857444632	3.9989067938149563
4.143544520260868	3.998907346627797
4.145640183077103	3.998907898881829
4.147735845893338	3.9989084505778965
4.149831508709574	3.9989090017168443
4.15192717152581	3.9989095522995193
4.1540228343420456	3.9989101023267604
4.156118497158281	3.998910651799408
4.158214159974516	3.9989112007183
4.160309822790752	3.9989117490842747
4.162405485606987	3.9989122968981654
4.164501148423223	3.998912844160808
4.166596811239458	3.9989133908730308
4.168692474055694	3.998913937035666
4.17078813687193	3.9989144826495404
4.172883799688165	3.998915027715483
4.1749794625044006	3.9989155722343175
4.177075125320636	3.998916116206865
4.179170788136871	3.998916659633952
4.181266450953107	3.9989172025163935
4.183362113769342	3.99891774485501
4.1854577765855785	3.9989182866506203
4.187553439401814	3.9989188279040353
4.189649102218049	3.9989193686160727
4.191744765034285	3.998919908787541
4.19384042785052	3.9989204484192524
4.1959360906667555	3.998920987512015
4.198031753482991	3.998921526066635
4.200127416299226	3.9989220640839194
4.202223079115463	3.9989226015646717
4.204318741931698	3.9989231385096917
4.2064144047479335	3.998923674919783
4.208510067564169	3.998924210795743
4.210605730380404	3.9989247461383695
4.21270139319664	3.9989252809484586
4.214797056012875	3.998925815226804
4.2168927188291105	3.9989263489741984
4.218988381645346	3.9989268821914323
4.221084044461582	3.9989274148792977
4.223179707277818	3.9989279470385783
4.225275370094053	3.9989284786700643
4.2273710329102885	3.9989290097745394
4.229466695726524	3.998929540352786
4.231562358542759	3.998930070405587
4.233658021358995	3.9989305999337215
4.23575368417523	3.9989311289379685
4.237849346991466	3.9989316574191056
4.239945009807702	3.998932185377908
4.242040672623937	3.9989327128151486
4.244136335440173	3.9989332397316004
4.246231998256408	3.998933766128037
4.2483276610726435	3.9989342920052247
4.250423323888879	3.998934817363931
4.252518986705114	3.998935342204925
4.254614649521351	3.9989358665289703
4.256710312337586	3.9989363903368305
4.258805975153821	3.9989369136292665
4.260901637970057	3.9989374364070396
4.262997300786292	3.9989379586709086
4.265092963602528	3.9989384804216312
4.267188626418763	3.998939001659963
4.2692842892349985	3.9989395223866575
4.271379952051235	3.998940042602468
4.27347561486747	3.9989405623081478
4.275571277683706	3.998941081504446
4.277666940499941	3.998941600192109
4.279762603316176	3.9989421183718865
4.281858266132412	3.9989426360445237
4.283953928948647	3.998943153210762
4.286049591764883	3.9989436698713487
4.288145254581119	3.998944186027022
4.290240917397354	3.998944701678522
4.29233658021359	3.9989452168265873
4.294432243029825	3.998945731471955
4.296527905846061	3.998946245615361
4.298623568662296	3.998946759257538
4.300719231478531	3.99894727239922
4.302814894294767	3.998947785041137
4.304910557111002	3.9989482971840187
4.3070062199272385	3.9989488088285943
4.309101882743474	3.998949319975591
4.311197545559709	3.998949830625733
4.313293208375945	3.9989503407797455
4.31538887119218	3.9989508504383506
4.317484534008416	3.99895135960227
4.319580196824651	3.9989518682722234
4.321675859640886	3.998952376448929
4.323771522457123	3.998952884133104
4.325867185273358	3.998953391325465
4.3279628480895935	3.9989538980267243
4.330058510905829	3.9989544042375966
4.332154173722064	3.998954909958793
4.3342498365383	3.998955415191023
4.336345499354535	3.9989559199349967
4.338441162170771	3.9989564241914226
4.340536824987007	3.9989569279610016
4.342632487803242	3.998957431244444
4.344728150619478	3.9989579340424495
4.346823813435713	3.9989584363557222
4.3489194762519485	3.9989589381849626
4.351015139068184	3.99895943953087
4.353110801884419	3.9989599403941405
4.355206464700655	3.9989604407754737
4.357302127516891	3.9989609406755613
4.3593977903331265	3.9989614400951
4.361493453149362	3.99896193903478
4.363589115965597	3.998962437495296
4.365684778781833	3.9989629354773357
4.367780441598068	3.9989634329815873
4.3698761044143035	3.99896393000874
4.371971767230539	3.9989644265594775
4.374067430046774	3.998964922634485
4.376163092863011	3.998965418234448
4.378258755679246	3.9989659133600464
4.3803544184954815	3.998966408011961
4.382450081311717	3.998966902190872
4.384545744127952	3.998967395897457
4.386641406944188	3.998967889132393
4.388737069760423	3.9989683818963546
4.3908327325766585	3.9989688741900173
4.392928395392895	3.9989693660140557
4.39502405820913	3.9989698573691372
4.397119721025366	3.9989703482559356
4.399215383841601	3.998970838675119
4.4013110466578365	3.998971328627356
4.403406709474072	3.9989718181133123
4.405502372290307	3.9989723071336525
4.407598035106543	3.998972795689042
4.409693697922779	3.9989732837801424
4.411789360739014	3.998973771407617
4.41388502355525	3.9989742585721237
4.415980686371485	3.998974745274323
4.418076349187721	3.9989752315148728
4.420172012003956	3.998975717294429
4.4222676748201915	3.9989762026136475
4.424363337636427	3.9989766874731827
4.426459000452663	3.998977171873686
4.428554663268899	3.998977655815809
4.430650326085134	3.9989781393002044
4.432745988901369	3.998978622327518
4.434841651717605	3.998979104898399
4.43693731453384	3.998979587013496
4.439032977350076	3.998980068673451
4.441128640166311	3.9989805498789104
4.443224302982547	3.998981030630516
4.445319965798783	3.9989815109289117
4.447415628615018	3.998981990774737
4.449511291431254	3.9989824701686296
4.451606954247489	3.9989829491112294
4.453702617063724	3.998983427603173
4.45579827987996	3.9989839056450966
4.457893942696195	3.9989843832376324
4.459989605512431	3.9989848603814173
4.462085268328667	3.998985337077082
4.464180931144902	3.998985813325256
4.466276593961138	3.998986289126572
4.468372256777373	3.9989867644816557
4.470467919593609	3.9989872393911368
4.472563582409844	3.99898771385564
4.474659245226079	3.998988187875793
4.476754908042315	3.998988661452216
4.478850570858551	3.9989891345855333
4.4809462336747865	3.9989896072763678
4.483041896491022	3.9989900795253384
4.485137559307257	3.998990551333065
4.487233222123493	3.9989910227001664
4.489328884939728	3.998991493627258
4.491424547755964	3.998991964114957
4.493520210572199	3.9989924341638763
4.495615873388435	3.998992903774632
4.497711536204671	3.998993372947835
4.499807199020906	3.9989938416840967